0.0000000000            0.0577348066
0.0500000000            0.0894337017
0.1000000000            0.1845303867
0.1500000000            0.3028314917
0.2000000000            0.4041436464
0.2500000000            0.4992403315
0.3000000000            0.5988950276
0.3500000000            0.7002071823
0.4000000000            0.8002762431
0.4500000000            0.8999309392
0.5000000000            1.0000000000
0.5500000000            1.1000690608
0.6000000000            1.1997237569
0.6500000000            1.2997928177
0.7000000000            1.4011049724
0.7500000000            1.5007596685
0.8000000000            1.5958563536
0.8500000000            1.6971685083
0.9000000000            1.8154696133
0.9500000000            1.9105662983
