0.0000000000            0.0000000000
0.0500000000            1.2679558011
0.1000000000            2.5359116022
0.1500000000            2.1961325967
0.2000000000            1.8563535912
0.2500000000            1.9475138122
0.3000000000            2.0386740331
0.3500000000            2.0138121547
0.4000000000            1.9889502762
0.4500000000            1.9972375691
0.5000000000            2.0055248619
0.5500000000            1.9972375691
0.6000000000            1.9889502762
0.6500000000            2.0138121547
0.7000000000            2.0386740331
0.7500000000            1.9475138122
0.8000000000            1.8563535912
0.8500000000            2.1961325967
0.9000000000            2.5359116022
0.9500000000            1.2679558011
