0.0000000000            0.0000000000
0.0500000000            0.0034150552
0.1000000000            0.0100000000
0.1500000000            0.0222548343
0.2000000000            0.0400000000
0.2500000000            0.0625656077
0.3000000000            0.0900000000
0.3500000000            0.1224827348
0.4000000000            0.1600000000
0.4500000000            0.2025034530
0.5000000000            0.2500000000
0.5500000000            0.3025034530
0.6000000000            0.3600000000
0.6500000000            0.4224827348
0.7000000000            0.4900000000
0.7500000000            0.5625656077
0.8000000000            0.6400000000
0.8500000000            0.7222548343
0.9000000000            0.8100000000
0.9500000000            0.9034150552
